x y
10 367.950000
20 1362.910000
30 3367.000000
40 5880.080000
50 15760.400000
60 24733.770000
70 28917.910000
80 38087.110000
90 42035.840000
100 49562.550000
110 52077.950000
120 61488.280000
130 64043.250000
140 66112.890000
150 63377.510000
160 73081.690000
170 77879.150000
180 81709.980000
190 88279.230000
200 93777.080000
210 101923.770000
220 110041.270000
230 120429.960000
240 131593.270000
250 142149.110000
260 154013.760000
270 165656.250000
280 178145.020000
290 190964.610000
300 204463.750000
310 218530.020000
320 230823.740000
330 246864.610000
340 260745.050000
350 277158.750000
360 293284.110000
370 309859.990000
380 325959.500000
390 344315.040000
400 360320.290000
410 377706.600000
420 398738.000000
430 416276.630000
440 437337.490000
450 457607.520000
460 478641.230000
470 503206.610000
480 521327.920000
490 543318.660000
500 564767.890000
510 587153.750000
520 610667.530000
530 634107.020000
540 658169.600000
550 682064.620000
560 706724.570000
570 733138.360000
580 759795.360000
590 786736.660000
600 812102.120000
610 839739.180000
620 871083.310000
630 896224.580000
640 923136.330000
650 953828.720000
660 979981.230000
670 1009421.650000
680 1039172.550000
690 1070640.440000
700 1125841.620000
710 1147856.280000
720 1169554.500000
730 1248806.610000
740 1234218.280000
750 1278036.240000
760 1298222.950000
770 1329759.530000
780 1368140.870000
790 1404079.660000
800 1439425.880000
810 1477605.910000
820 1525267.490000
830 1571943.360000
840 1609175.790000
850 1640336.690000
860 1659992.950000
870 1698440.360000
880 1737474.980000
890 1780686.230000
900 1820629.590000
910 1869292.110000
920 1905396.300000
930 1970742.490000
940 1986972.850000
950 2031105.030000
960 2061300.880000
970 2113245.470000
980 2158482.070000
990 2199675.420000
1000 2243640.770000
1010 2282110.410000
1020 2337567.910000
1030 2379082.500000
1040 2424055.390000
1050 2468807.100000
1060 2520951.250000
1070 2565557.590000
1080 2618572.940000
1090 2665013.320000
1100 2711379.140000
1110 2763689.160000
1120 2817559.900000
1130 2862649.560000
1140 2914674.600000
1150 2965512.860000
1160 3016463.680000
1170 3069605.500000
1180 3117222.480000
1190 3168302.940000
1200 3225855.840000
1210 3281720.850000
1220 3340146.600000
1230 3393354.160000
1240 3449539.970000
1250 3505361.640000
1260 3555446.240000
1270 3615382.090000
1280 3671232.130000
1290 3729257.560000
1300 3790216.680000
1310 3847215.790000
1320 3910866.240000
1330 3960448.350000
1340 4019340.820000
1350 4086651.650000
1360 4145319.590000
1370 4203483.770000
1380 4269534.600000
1390 4322968.360000
1400 4395547.520000
1410 4451999.510000
1420 4550633.370000
1430 4659747.450000
1440 4648049.590000
1450 4704535.030000
1460 4768332.920000
1470 4843247.910000
1480 4902752.910000
1490 4974700.000000
1500 5031324.570000
1510 5101415.020000
1520 5171924.540000
1530 5243548.290000
1540 5308103.340000
1550 5379157.540000
1560 5444025.410000
1570 5516833.320000
1580 5588594.130000
1590 5660950.000000
1600 5732253.320000
1610 5797685.010000
1620 5876079.220000
1630 5942425.880000
1640 6023799.970000
1650 6100482.080000
1660 6191267.900000
1670 6252147.910000
1680 6310413.010000
1690 6384159.130000
1700 6458261.310000
1710 6532708.730000
1720 6616621.680000
1730 6688550.040000
1740 6768004.490000
1750 6844180.020000
1760 6921646.310000
1770 7004989.150000
1780 7089798.750000
1790 7164477.050000
1800 7271353.800000
1810 7329948.740000
1820 7414595.340000
1830 7493378.380000
1840 7575693.320000
1850 7648311.230000
1860 7732104.550000
1870 7814770.770000
1880 7896083.320000
1890 7978691.350000
1900 8053765.060000
1910 8154586.650000
1920 8233968.320000
1930 8327179.580000
1940 8409084.210000
1950 8498410.020000
1960 8585685.840000
1970 8682213.680000
1980 8759519.200000
1990 8857853.770000
2000 8921482.900000
2010 9010140.860000
2020 9124389.160000
2030 9275881.220000
2040 9413331.210000
2050 9658172.130000
2060 9652013.320000
2070 9709280.830000
2080 9683588.400000
2090 9773365.430000
2100 9851725.850000
2110 9938063.760000
2120 10048642.040000
2130 10122115.830000
2140 10507759.520000
2150 10328676.660000
2160 10416277.070000
2170 10521471.260000
2180 10659533.390000
2190 10746696.350000
2200 10844844.620000
2210 10944939.960000
2220 11020032.090000
2230 11106397.540000
2240 11200511.290000
2250 11301128.730000
2260 11396944.990000
2270 11492456.240000
2280 11582339.520000
2290 11700795.430000
2300 11799005.510000
2310 11923832.510000
2320 12019198.340000
2330 12118674.230000
2340 12208777.530000
2350 12337863.260000
2360 12432347.080000
2370 12528727.530000
2380 12632544.950000
2390 12780825.790000
2400 12924926.740000
2410 13050393.730000
2420 13144471.700000
2430 13195158.760000
2440 13296270.070000
2450 13389958.360000
2460 13622694.960000
2470 13922075.800000
2480 13923075.910000
2490 13977867.560000
2500 14014479.980000
2510 14051748.330000
2520 14166717.520000
2530 14426888.370000
2540 14558942.490000
2550 14791823.340000
2560 14905642.080000
2570 14947516.310000
2580 15023124.950000
2590 15123165.420000
2600 15197797.870000
2610 15220720.010000
2620 15337867.100000
2630 15453584.660000
2640 15561326.220000
2650 15673107.140000
2660 15804888.350000
2670 15926631.660000
2680 16025966.710000
2690 16144770.360000
2700 16276415.480000
2710 16399202.500000
2720 16515279.620000
2730 16740021.650000
2740 16918458.360000
2750 17092286.280000
2760 17058159.610000
2770 17125733.340000
2780 17256385.810000
2790 17367094.990000
2800 17496660.000000
2810 17636770.460000
2820 17742702.060000
2830 17867527.150000
2840 18020127.540000
2850 18134049.600000
2860 18264817.870000
2870 18408439.590000
2880 18511515.790000
2890 18646881.270000
2900 18928074.570000
2910 19221351.640000
2920 19319077.460000
2930 19524324.950000
2940 19652113.760000
2950 19559559.180000
2960 19902006.660000
2970 20039333.360000
2980 19824367.910000
2990 19989213.710000
3000 20352795.830000