10000   1334
20000   1291
30000   1291
40000   1208
50000   2042
60000   2000
70000   2250
80000   2083
90000   2083
100000   1834
110000   1875
120000   1958
130000   1667
140000   1709
150000   1708
160000   1375
170000   1583
180000   1334
190000   1334
200000   1250
210000   1250
220000   1208
230000   1583
240000   1250
250000   1417
260000   1291
270000   1250
280000   1167
290000   1125
300000   1167
310000   1459
320000   1125
330000   1083
340000   1291
350000   1167
360000   1458
370000   1208
380000   1167
390000   1042
400000   1750
410000   1208
420000   1333
430000   1250
440000   1292
450000   1209
460000   1583
470000   1250
480000   1708
490000   1167
500000   1417
510000   1584
520000   1167
530000   1792
540000   1458
550000   1375
560000   1458
570000   1500
580000   1334
590000   1333
600000   2166
610000   1125
620000   1333
630000   1375
640000   1750
650000   1375
660000   1667
670000   1292
680000   1500
690000   1667
700000   1542
710000   1208
720000   1750
730000   1625
740000   1250
750000   1667
760000   1584
770000   1417
780000   1959
790000   1500
800000   1250
810000   2083
820000   1500
830000   1500
840000   1459
850000   1541
860000   1375
870000   1625
880000   1541
890000   1250
900000   1791
910000   1791
920000   1417
930000   1500
940000   1750
950000   1625
960000   1709
970000   1791
980000   1459
990000   1917
1000000   1917
1010000   1625
1020000   2042
1030000   1750
1040000   1666
1050000   1500
1060000   1375
1070000   1500
1080000   1875
1090000   1708
1100000   1917
1110000   2417
1120000   2125
1130000   2041
1140000   1750
1150000   2291
1160000   1917
1170000   2208
1180000   2209
1190000   2208
1200000   1667
1210000   2000
1220000   2541
1230000   2125
1240000   1917
1250000   1917
1260000   1833
1270000   1916
1280000   2041
1290000   1916
1300000   2292
1310000   1958
1320000   1916
1330000   1791
1340000   1750
1350000   1916
1360000   2041
1370000   1666
1380000   2125
1390000   2083
1400000   1625
1410000   2166
1420000   2084
1430000   1833
1440000   2041
1450000   2208
1460000   1750
1470000   1792
1480000   2083
1490000   2709
1500000   2209
1510000   1750
1520000   2334
1530000   2542
1540000   2208
1550000   2250
1560000   1916
1570000   2292
1580000   2042
1590000   2125
1600000   2292
1610000   2292
1620000   1875
1630000   2209
1640000   2209
1650000   2042
1660000   2083
1670000   2334
1680000   1958
1690000   2292
1700000   2125
1710000   2250
1720000   2458
1730000   2166
1740000   2125
1750000   1875
1760000   2042
1770000   1833
1780000   2083
1790000   2709
1800000   1959
1810000   1542
1820000   2208
1830000   2083
1840000   1833
1850000   2083
1860000   2417
1870000   2334
1880000   2000
1890000   2125
1900000   2125
1910000   2084
1920000   2208
1930000   1958
1940000   1958
1950000   2375
1960000   2250
1970000   1917
1980000   1750
1990000   1709
2000000   2042
2010000   2208
2020000   2042
2030000   1959
2040000   2333
2050000   2291
2060000   1916
2070000   1958
2080000   2042
2090000   1959
2100000   2000
2110000   2291
2120000   1875
2130000   2083
2140000   2250
2150000   1875
2160000   2292
2170000   2166
2180000   2500
2190000   2042
2200000   2083
2210000   1833
2220000   1792
2230000   1917
2240000   2250
2250000   2708
2260000   2875
2270000   2208
2280000   2291
2290000   2125
2300000   2625
2310000   2209
2320000   2250
2330000   2125
2340000   1875
2350000   2125
2360000   2209
2370000   2167
2380000   2375
2390000   1792
2400000   2000
2410000   2167
2420000   2333
2430000   2333
2440000   2167
2450000   2041
2460000   2083
2470000   2000
2480000   2125
2490000   2041
2500000   2292
2510000   2458
2520000   2000
2530000   4458
2540000   2042
2550000   2666
2560000   1708
2570000   1708
2580000   2042
2590000   2125
2600000   2167
2610000   1917
2620000   2208
2630000   2083
2640000   2250
2650000   2542
2660000   1959
2670000   2042
2680000   1709
2690000   2250
2700000   2208
2710000   1750
2720000   2125
2730000   2417
2740000   1917
2750000   2083
2760000   2208
2770000   2500
2780000   1959
2790000   2125
2800000   1875
2810000   2500
2820000   2125
2830000   2083
2840000   2459
2850000   1750
2860000   2042
2870000   2083
2880000   2250
2890000   2042
2900000   2334
2910000   1875
2920000   2375
2930000   2042
2940000   1959
2950000   2292
2960000   2084
2970000   1833
2980000   2208
2990000   1666
3000000   2083
3010000   2000
3020000   1792
3030000   2375
3040000   2125
3050000   2042
3060000   2167
3070000   2083
3080000   1875
3090000   2500
3100000   1709
3110000   2084
3120000   1833
3130000   2083
3140000   2041
3150000   1959
3160000   5959
3170000   2125
3180000   1750
3190000   2166
3200000   2208
3210000   2250
3220000   1875
3230000   2208
3240000   2417
3250000   1833
3260000   2041
3270000   2333
3280000   2084
3290000   1959
3300000   1792
3310000   2000
3320000   2041
3330000   2375
3340000   2083
3350000   2375
3360000   2542
3370000   4542
3380000   2084
3390000   2167
3400000   2208
3410000   1708
3420000   1958
3430000   1458
3440000   2166
3450000   1792
3460000   1875
3470000   1792
3480000   1959
3490000   1917
3500000   2666
3510000   1875
3520000   2125
3530000   2000
3540000   1958
3550000   2167
3560000   2250
3570000   2083
3580000   2625
3590000   2500
3600000   1958
3610000   2250
3620000   2333
3630000   1875
3640000   2000
3650000   2541
3660000   1708
3670000   1875
3680000   2167
3690000   1792
3700000   2166
3710000   1542
3720000   2375
3730000   2166
3740000   2166
3750000   1750
3760000   2000
3770000   2125
3780000   2042
3790000   2458
3800000   1708
3810000   1833
3820000   2375
3830000   1875
3840000   2209
3850000   2208
3860000   2125
3870000   2458
3880000   2125
3890000   2334
3900000   2417
3910000   2125
3920000   1833
3930000   2084
3940000   2125
3950000   2125
3960000   2375
3970000   1958
3980000   2000
3990000   1875
4000000   1875
4010000   2167
4020000   2166
4030000   2000
4040000   2000
4050000   2375
4060000   2000
4070000   1958
4080000   2291
4090000   2208
4100000   2292
4110000   2416
4120000   1958
4130000   2291
4140000   2208
4150000   2167
4160000   2292
4170000   2584
4180000   2583
4190000   2125
4200000   2042
4210000   2459
4220000   2375
4230000   1917
4240000   2333
4250000   1750
4260000   2167
4270000   2667
4280000   2125
4290000   1834
4300000   2375
4310000   2084
4320000   1875
4330000   1792
4340000   1958
4350000   1875
4360000   1709
4370000   2208
4380000   1500
4390000   2250
4400000   2667
4410000   2125
4420000   2208
4430000   1875
4440000   2083
4450000   2042
4460000   1500
4470000   2458
4480000   2333
4490000   2375
4500000   1959
4510000   2250
4520000   2208
4530000   2167
4540000   2541
4550000   2167
4560000   2375
4570000   2083
4580000   1833
4590000   2125
4600000   1750
4610000   2166
4620000   2458
4630000   1958
4640000   1917
4650000   2042
4660000   2000
4670000   2292
4680000   2209
4690000   1917
4700000   1750
4710000   2208
4720000   2125
4730000   1959
4740000   2042
4750000   2333
4760000   2416
4770000   2083
4780000   1833
4790000   2167
4800000   1916
4810000   2375
4820000   1667
4830000   1583
4840000   2208
4850000   1834
4860000   1917
4870000   2041
4880000   2125
4890000   2167
4900000   1708
4910000   2000
4920000   1792
4930000   2000
4940000   1625
4950000   1584
4960000   2250
4970000   1625
4980000   2083
4990000   2125
5000000   2250
5010000   1959
5020000   2125
5030000   1667
5040000   2333
5050000   2500
5060000   1500
5070000   2083
5080000   2083
5090000   2459
5100000   2166
5110000   2125
5120000   2167
5130000   2292
5140000   2458
5150000   1917
5160000   2041
5170000   2542
5180000   2292
5190000   2292
5200000   1667
5210000   2375
5220000   1458
5230000   2334
5240000   1917
5250000   2292
5260000   2458
5270000   2167
5280000   2167
5290000   2334
5300000   2042
5310000   2083
5320000   2167
5330000   2083
5340000   2292
5350000   2333
5360000   1792
5370000   1834
5380000   2167
5390000   1875
5400000   1708
5410000   2042
5420000   1958
5430000   2000
5440000   1833
5450000   1583
5460000   2083
5470000   2041
5480000   2000
5490000   2042
5500000   1792
5510000   2416
5520000   2042
5530000   2292
5540000   2208
5550000   2583
5560000   1875
5570000   1917
5580000   2209
5590000   2125
5600000   2125
5610000   2375
5620000   1917
5630000   2250
5640000   1875
5650000   1625
5660000   1792
5670000   2500
5680000   1625
5690000   2000
5700000   1959
5710000   2333
5720000   2250
5730000   1916
5740000   1875
5750000   1917
5760000   1875
5770000   2375
5780000   1875
5790000   1916
5800000   1917
5810000   1833
5820000   2042
5830000   2083
5840000   2083
5850000   2375
5860000   2208
5870000   2375
5880000   1917
5890000   2167
5900000   2458
5910000   1917
5920000   2125
5930000   2042
5940000   2000
5950000   2417
5960000   2084
5970000   2250
5980000   2250
5990000   1875
6000000   1792
6010000   2333
6020000   2208
6030000   2417
6040000   2125
6050000   2500
6060000   1541
6070000   2041
6080000   2000
6090000   2292
6100000   2292
6110000   2250
6120000   2292
6130000   1875
6140000   2333
6150000   2292
6160000   2458
6170000   1791
6180000   2083
6190000   2500
6200000   2417
6210000   2458
6220000   2584
6230000   1958
6240000   2125
6250000   2333
6260000   2083
6270000   2625
6280000   2000
6290000   1833
6300000   2250
6310000   2042
6320000   1541
6330000   2250
6340000   2292
6350000   2333
6360000   2125
6370000   2250
6380000   2083
6390000   1958
6400000   2500
6410000   2583
6420000   2250
6430000   2292
6440000   2167
6450000   2250
6460000   1917
6470000   2583
6480000   2208
6490000   2333
6500000   2041
6510000   2542
6520000   1583
6530000   1958
6540000   2625
6550000   2083
6560000   2167
6570000   1666
6580000   2459
6590000   2333
6600000   2083
6610000   2334
6620000   1959
6630000   2250
6640000   2208
6650000   1958
6660000   2209
6670000   2209
6680000   2250
6690000   1667
6700000   2125
6710000   1792
6720000   1958
6730000   1625
6740000   2333
6750000   2083
6760000   1792
6770000   2292
6780000   2084
6790000   2083
6800000   2541
6810000   2125
6820000   1917
6830000   1916
6840000   2583
6850000   1625
6860000   1709
6870000   2291
6880000   2500
6890000   2125
6900000   2333
6910000   2000
6920000   2083
6930000   2542
6940000   2083
6950000   2542
6960000   1875
6970000   1958
6980000   2000
6990000   2292
7000000   2333
7010000   2125
7020000   2459
7030000   2250
7040000   2000
7050000   2334
7060000   2292
7070000   2250
7080000   1500
7090000   2375
7100000   2208
7110000   2500
7120000   2042
7130000   2000
7140000   2333
7150000   2375
7160000   2459
7170000   2041
7180000   2375
7190000   2334
7200000   2125
7210000   2208
7220000   2416
7230000   2250
7240000   2250
7250000   2209
7260000   2250
7270000   2083
7280000   2209
7290000   2250
7300000   2333
7310000   1917
7320000   2291
7330000   2083
7340000   2584
7350000   2250
7360000   1708
7370000   2333
7380000   2417
7390000   1916
7400000   2417
7410000   2083
7420000   2250
7430000   2333
7440000   2000
7450000   2167
7460000   1792
7470000   1500
7480000   2000
7490000   1917
7500000   2417
7510000   2042
7520000   2083
7530000   1917
7540000   2292
7550000   2292
7560000   2417
7570000   1708
7580000   2084
7590000   2375
7600000   1708
7610000   2417
7620000   2250
7630000   2292
7640000   1708
7650000   2375
7660000   2167
7670000   2083
7680000   1708
7690000   2125
7700000   2167
7710000   1708
7720000   1500
7730000   2166
7740000   2375
7750000   2334
7760000   2500
7770000   2166
7780000   2375
7790000   2083
7800000   1916
7810000   2334
7820000   1833
7830000   2625
7840000   2084
7850000   2041
7860000   1916
7870000   2375
7880000   2167
7890000   2291
7900000   2417
7910000   2375
7920000   2541
7930000   1833
7940000   2083
7950000   2083
7960000   1833
7970000   2208
7980000   1917
7990000   2125
8000000   1750
8010000   2458
8020000   2125
8030000   1541
8040000   2334
8050000   2250
8060000   1791
8070000   2125
8080000   2125
8090000   2125
8100000   2208
8110000   2583
8120000   2333
8130000   2125
8140000   1875
8150000   2125
8160000   1833
8170000   2000
8180000   2042
8190000   2416
8200000   2083
8210000   2125
8220000   1959
8230000   1917
8240000   2667
8250000   2167
8260000   2417
8270000   1958
8280000   2458
8290000   2750
8300000   2166
8310000   2417
8320000   2041
8330000   2292
8340000   2208
8350000   1875
8360000   2166
8370000   2459
8380000   2084
8390000   1959
8400000   2208
8410000   2333
8420000   2125
8430000   2166
8440000   1959
8450000   2417
8460000   2084
8470000   2000
8480000   2291
8490000   2083
8500000   2000
8510000   2416
8520000   2458
8530000   2292
8540000   2000
8550000   1584
8560000   2209
8570000   1583
8580000   2084
8590000   1792
8600000   2125
8610000   1708
8620000   2041
8630000   2000
8640000   2333
8650000   2125
8660000   2375
8670000   2292
8680000   1875
8690000   2666
8700000   2292
8710000   2084
8720000   2500
8730000   2208
8740000   2084
8750000   2292
8760000   1875
8770000   2167
8780000   2500
8790000   2458
8800000   2250
8810000   2042
8820000   2166
8830000   1750
8840000   2125
8850000   2458
8860000   2292
8870000   1875
8880000   2166
8890000   2042
8900000   2417
8910000   2208
8920000   2208
8930000   2167
8940000   2292
8950000   1917
8960000   2000
8970000   2166
8980000   2000
8990000   1709
9000000   2291
9010000   1875
9020000   2291
9030000   2083
9040000   2209
9050000   2125
9060000   2584
9070000   2625
9080000   2333
9090000   2125
9100000   2709
9110000   2375
9120000   2333
9130000   2375
9140000   2875
9150000   2417
9160000   1959
9170000   2167
9180000   1959
9190000   1916
9200000   2833
9210000   2333
9220000   2209
9230000   1875
9240000   2333
9250000   2167
9260000   2416
9270000   1875
9280000   2125
9290000   2166
9300000   2125
9310000   2375
9320000   2000
9330000   2125
9340000   2250
9350000   2375
9360000   1833
9370000   2042
9380000   2250
9390000   2125
9400000   1917
9410000   2375
9420000   2167
9430000   2000
9440000   2709
9450000   2375
9460000   2167
9470000   2167
9480000   1875
9490000   2666
9500000   2208
9510000   2208
9520000   2166
9530000   2583
9540000   1750
9550000   2042
9560000   2167
9570000   2000
9580000   2083
9590000   2000
9600000   2292
9610000   2125
9620000   2125
9630000   2042
9640000   2000
9650000   2083
9660000   2584
9670000   2083
9680000   2375
9690000   1834
9700000   2334
9710000   1958
9720000   2167
9730000   2250
9740000   2083
9750000   1667
9760000   1875
9770000   2208
9780000   2250
9790000   2375
9800000   2333
9810000   2291
9820000   2125
9830000   2500
9840000   2083
9850000   2042
9860000   2458
9870000   2041
9880000   2542
9890000   2292
9900000   1667
9910000   2209
9920000   2292
9930000   2042
9940000   2458
9950000   1875
9960000   2458
9970000   2333
9980000   1875
9990000   2584