10   0
20   0
30   0
40   0
50   0
60   0
70   0
80   0
90   0
100   0
110   19
120   38
130   58
140   78
150   100
160   119
170   106
180   126
190   130
200   104
210   184
220   205
230   194
240   209
250   229
260   249
270   269
280   254
290   273
300   294
310   321
320   350
330   318
340   337
350   373
360   404
370   365
380   397
390   447
400   465
410   422
420   460
430   505
440   494
450   497
460   541
470   586
480   619
490   559
500   599
510   641
520   683
530   716
540   769
550   774
560   793
570   826
580   848
590   890
600   926
610   947
620   1019
630   1016
640   1060
650   1101
660   1142
670   1175
680   1221
690   1264
700   1300
710   1337
720   1395
730   1424
740   1465
750   1525
760   1549
770   1613
780   1676
790   1749
800   1824
810   1852
820   1930
830   1971
840   2065
850   2091
860   2179
870   2251
880   2270
890   2373
900   2416
910   2459
920   2527
930   2587
940   2633
950   2702
960   2816
970   2813
980   2937
990   2937
1000   2996
1010   3073
1020   3163
1030   3223
1040   3300
1050   3429
1060   3467
1070   3555
1080   3637
1090   3714
1100   3812
1110   3940
1120   4010
1130   4061
1140   4110
1150   4179
1160   4303
1170   4361
1180   4439
1190   4534
1200   4610
1210   4708
1220   4749
1230   4840
1240   4940
1250   4981
1260   5106
1270   5165
1280   5287
1290   5398
1300   5473
1310   5671
1320   5687
1330   5801
1340   5902
1350   6005
1360   6082
1370   6243
1380   6332
1390   6371
1400   6531
1410   6576
1420   6767
1430   6809
1440   6878
1450   6988
1460   7110
1470   7203
1480   7414
1490   7381
1500   7505
1510   7695
1520   7692
1530   7925
1540   7939
1550   8103
1560   8201
1570   8310
1580   8467
1590   8707
1600   8669
1610   8845
1620   9046
1630   9076
1640   9173
1650   9343
1660   9428
1670   9675
1680   9640
1690   9796
1700   9900
1710   10077
1720   10117
1730   10236
1740   10405
1750   10459
1760   10638
1770   10752
1780   10882
1790   11080
1800   11158
1810   11345
1820   11435
1830   11604
1840   11718
1850   11864
1860   12034
1870   12142
1880   12354
1890   12412
1900   12544
1910   12740
1920   12925
1930   12993
1940   13112
1950   14260
1960   13494
1970   13507
1980   13696
1990   13822
2000   14036
2010   14205
2020   14303
2030   14523
2040   14648
2050   14711
2060   15004
2070   15091
2080   15195
2090   15456
2100   15663
2110   15751
2120   15827
2130   16174
2140   16193
2150   16562
2160   16509
2170   16840
2180   16953
2190   17171
2200   17222
2210   17304
2220   17498
2230   17710
2240   17804
2250   17925
2260   18407
2270   18458
2280   18651
2290   18700
2300   18837
2310   19129
2320   19253
2330   19478
2340   19628
2350   19908
2360   19913
2370   20109
2380   20334
2390   20648
2400   20745
2410   20807
2420   21017
2430   21259
2440   21411
2450   21633
2460   21721
2470   21939
2480   22115
2490   22238
2500   22457
2510   22659
2520   22879
2530   23021
2540   23229
2550   23637
2560   23584
2570   23947
2580   24028
2590   24451
2600   24674
2610   24662
2620   24763
2630   25118
2640   25184
2650   25655
2660   25640
2670   25878
2680   26109
2690   26238
2700   26375
2710   26754
2720   26939
2730   27005
2740   27399
2750   27496
2760   27601
2770   27894
2780   28021
2790   28361
2800   28566
2810   28773
2820   28877
2830   29489
2840   29589
2850   29562
2860   29789
2870   30195
2880   30874
2890   30699
2900   30742
2910   30891
2920   31241
2930   31528
2940   31649
2950   31834
2960   32030
2970   32413
2980   32499
2990   32677
3000   33066
3010   33210
3020   33443
3030   33722
3040   33851
3050   34063
3060   34307
3070   34596
3080   34999
3090   35079
3100   35332
3110   35779
3120   35830
3130   36170
3140   36368
3150   36789
3160   36832
3170   37071
3180   37240
3190   37462
3200   37841
3210   38028
3220   38265
3230   38412
3240   38811
3250   39009
3260   39232
3270   39453
3280   39723
3290   40046
3300   40261
3310   40466
3320   40680
3330   41055
3340   41384
3350   41635
3360   41779
3370   42095
3380   42300
3390   42726
3400   42930
3410   43073
3420   43282
3430   43622
3440   44076
3450   44030
3460   44422
3470   44644
3480   44871
3490   45235
3500   45626
3510   45588
3520   46086
3530   46243
3540   46552
3550   47029
3560   47331
3570   47471
3580   47844
3590   48704
3600   48284
3610   50115
3620   50751
3630   49913
3640   50271
3650   50695
3660   50929
3670   51335
3680   51476
3690   51769
3700   52298
3710   52388
3720   52651
3730   52971
3740   53476
3750   53433
3760   53776
3770   54144
3780   54522
3790   54720
3800   55124
3810   55324
3820   55775
3830   55860
3840   56220
3850   56653
3860   56748
3870   57029
3880   57401
3890   57684
3900   58022
3910   58391
3920   58800
3930   58875
3940   59822
3950   59851
3960   59795
3970   60225
3980   60467
3990   60936
4000   61466
4010   61544
4020   62006
4030   62791
4040   62166
4050   63226
4060   63581
4070   63866
4080   64257
4090   65021
4100   64530
4110   65157
4120   65818
4130   65706
4140   65904
4150   66825
4160   65763
4170   65676
4180   66179
4190   66253
4200   66864
4210   67214
4220   67599
4230   67883
4240   69369
4250   68423
4260   68739
4270   69348
4280   69165
4290   69939
4300   70751
4310   70336
4320   70691
4330   71282
4340   71638
4350   71749
4360   72169
4370   72429
4380   73787
4390   74551
4400   74568
4410   75077
4420   74922
4430   75442
4440   75747
4450   76329
4460   76542
4470   76902
4480   77383
4490   77727
4500   77966
4510   78366
4520   78526
4530   79135
4540   79231
4550   79705
4560   80074
4570   80519
4580   81106
4590   81112
4600   81400
4610   82302
4620   82285
4630   81617
4640   81599
4650   81922
4660   82219
4670   82700
4680   82705
4690   83500
4700   83424
4710   83888
4720   84295
4730   84743
4740   85151
4750   85281
4760   85707
4770   86202
4780   86473
4790   87437
4800   87459
4810   87844
4820   87858
4830   88586
4840   88690
4850   89313
4860   89687
4870   92079
4880   91329
4890   92442
4900   93102
4910   93511
4920   93563
4930   93890
4940   94187
4950   94930
4960   95259
4970   95522
4980   96359
4990   96284
5000   97048
5010   97396
5020   97771
5030   97945
5040   98314
5050   98810
5060   99567
5070   99900
5080   100154
5090   100594
5100   99604
5110   98984
5120   99763
5130   100022
5140   100690
5150   100749
5160   101342
5170   102165
5180   102281
5190   102385
5200   102840
5210   103283
5220   103847
5230   104072
5240   104523
5250   105330
5260   105670
5270   105650
5280   106071
5290   106361
5300   107113
5310   107413
5320   107932
5330   109801
5340   109119
5350   109529
5360   109465
5370   109917
5380   110343
5390   110849
5400   111519
5410   111542
5420   111904
5430   112178
5440   112545
5450   113322
5460   113931
5470   113874
5480   114571
5490   116234
5500   117792
5510   117934
5520   118414
5530   118849
5540   119348
5550   119754
5560   120633
5570   121076
5580   121810
5590   121568
5600   122239
5610   122425
5620   122834
5630   123515
5640   123907
5650   124558
5660   125016
5670   125117
5680   125865
5690   126117
5700   126677
5710   126840
5720   127318
5730   131183
5740   128610
5750   128711
5760   129234
5770   129778
5780   130651
5790   130584
5800   131276
5810   131661
5820   132157
5830   132958
5840   133036
5850   133310
5860   133823
5870   134502
5880   135675
5890   135180
5900   136049
5910   136249
5920   137001
5930   136989
5940   137924
5950   138409
5960   139088
5970   138981
5980   139949
5990   140273
6000   140408
6010   141290
6020   141759
6030   142949
6040   143794
6050   143991
6060   144382
6070   144372
6080   145304
6090   145431
6100   146513
6110   147194
6120   147666
6130   147651
6140   149383
6150   148594
6160   149318
6170   150236
6180   150504
6190   148980
6200   150040
6210   149844
6220   149182
6230   151676
6240   150437
6250   151355
6260   151356
6270   152852
6280   153659
6290   153125
6300   155823
6310   156086
6320   154877
6330   155571
6340   158432
6350   157446
6360   157959
6370   157009
6380   158397
6390   159843
6400   158026
6410   159326
6420   160472
6430   160714
6440   160049
6450   161441
6460   161271
6470   162021
6480   162090
6490   164007
6500   163857
6510   163906
6520   164892
6530   167274
6540   165668
6550   166275
6560   166315
6570   166619
6580   167740
6590   167458
6600   168313
6610   169590
6620   169763
6630   170470
6640   170755
6650   170712
6660   171161
6670   173687
6680   173048
6690   173621
6700   174166
6710   174455
6720   173831
6730   176024
6740   175631
6750   176047
6760   175879
6770   178848
6780   178182
6790   178744
6800   178830
6810   179378
6820   179184
6830   181143
6840   180475
6850   182239
6860   182163
6870   182677
6880   182661
6890   184060
6900   184423
6910   185992
6920   184904
6930   187550
6940   190137
6950   190469
6960   192348
6970   189692
6980   192067
6990   193111
7000   192212
7010   193256
7020   193560
7030   194230
7040   194943
7050   195668
7060   195646
7070   196400
7080   196951
7090   197513
7100   198879
7110   199435
7120   199424
7130   199930
7140   199795
7150   200781
7160   201380
7170   202126
7180   202638
7190   203758
7200   204065
7210   215937
7220   210046
7230   204857
7240   205937
7250   209167
7260   207209
7270   208173
7280   208300
7290   209203
7300   209544
7310   210378
7320   210760
7330   211295
7340   211589
7350   212335
7360   212639
7370   213573
7380   213716
7390   214744
7400   215188
7410   216008
7420   216304
7430   217146
7440   217716
7450   219499
7460   218923
7470   219891
7480   219930
7490   226065
7500   225516
7510   224719
7520   221281
7530   223681
7540   221594
7550   220650
7560   221155
7570   221694
7580   221963
7590   223373
7600   223206
7610   224360
7620   225105
7630   225646
7640   225959
7650   227057
7660   226878
7670   227797
7680   254982
7690   248217
7700   229680
7710   233704
7720   233313
7730   232690
7740   231195
7750   234222
7760   237933
7770   233328
7780   234158
7790   235436
7800   235448
7810   237524
7820   242617
7830   241994
7840   242156
7850   243005
7860   243306
7870   244449
7880   240748
7890   241057
7900   246436
7910   242092
7920   242325
7930   243694
7940   243696
7950   244566
7960   244542
7970   245828
7980   246020
7990   246722
8000   248669
8010   248449
8020   248898
8030   252367
8040   254561
8050   255374
8060   256131
8070   256747
8080   257987
8090   258203
8100   261952
8110   259258
8120   260245
8130   260571
8140   260899
8150   262415
8160   262718
8170   263502
8180   264053
8190   264594
8200   265458
8210   266085
8220   266079
8230   267503
8240   267450
8250   268323
8260   269048
8270   269538
8280   270364
8290   270769
8300   272552
8310   272126
8320   273336
8330   273766
8340   274435
8350   275461
8360   276625
8370   271407
8380   272268
8390   272318
8400   273232
8410   273842
8420   274901
8430   275233
8440   275629
8450   278046
8460   276893
8470   278927
8480   278628
8490   279040
8500   283105
8510   280174
8520   281068
8530   282313
8540   282189
8550   287276
8560   283529
8570   284769
8580   284741
8590   286714
8600   289389
8610   288122
8620   289240
8630   290553
8640   297478
8650   298511
8660   298463
8670   299286
8680   297395
8690   297955
8700   298838
8710   299888
8720   300258
8730   301133
8740   304869
8750   305564
8760   305820
8770   306836
8780   306304
8790   315151
8800   304264
8810   302846
8820   303393
8830   304444
8840   304908
8850   305505
8860   305781
8870   307820
8880   307824
8890   308391
8900   314015
8910   314504
8920   315890
8930   317076
8940   316532
8950   317801
8960   318974
8970   319184
8980   319939
8990   320395
9000   315028
9010   326676
9020   319487
9030   320465
9040   325119
9050   325763
9060   328679
9070   327402
9080   325881
9090   329677
9100   323766
9110   326571
9120   324332
9130   326728
9140   327006
9150   330892
9160   333272
9170   334078
9180   328767
9190   342177
9200   380106
9210   432243
9220   344485
9230   343457
9240   347280
9250   351416
9260   338595
9270   339863
9280   344041
9290   340715
9300   341697
9310   344614
9320   339912
9330   340091
9340   344063
9350   345490
9360   344344
9370   343936
9380   348288
9390   346970
9400   349063
9410   347532
9420   353193
9430   347837
9440   349061
9450   351225
9460   349638
9470   353673
9480   351724
9490   355001
9500   354554
9510   360543
9520   358573
9530   358006
9540   360265
9550   359352
9560   362973
9570   362278
9580   359057
9590   361550
9600   361571
9610   363937
9620   365054
9630   362773
9640   363600
9650   365662
9660   366418
9670   364050
9680   366452
9690   367503
9700   368426
9710   369712
9720   368856
9730   368139
9740   369352
9750   369921
9760   370785
9770   371484
9780   372140
9790   372914
9800   373725
9810   374493
9820   375418
9830   376038
9840   381892
9850   386470
9860   388136
9870   387887
9880   390482
9890   390918
9900   391341
9910   392845
9920   392627
9930   393352
9940   395012
9950   395404
9960   397227
9970   397307
9980   396899
9990   399251