x y
10 7938
20 9853
30 15422
40 17903
50 22346
60 26447
70 31702
80 36856
90 40921
100 45562
110 48174
120 53666
130 58384
140 63913
150 76706
160 76889
170 82171
180 114296
190 143620
200 177310
210 145329
220 153384
230 181252
240 176316
250 190898
260 201651
270 205760
280 211413
290 215208
300 227565
310 216365
320 246200
330 242573
340 250369
350 283444
360 253374
370 272373
380 279634
390 303009
400 288259
410 267398
420 267111
430 269919
440 288319
450 311797
460 296996
470 335651
480 298176
490 324253
500 363821
510 326261
520 751594
530 321024
540 343587
550 334350
560 299549
570 271804
580 274079
590 273885
600 278489
610 292047
620 287555
630 292254
640 297240
650 300145
660 306880
670 311609
680 319988
690 323887
700 326678
710 329186
720 332692
730 339818
740 341724
750 413019
760 308082
770 317373
780 313519
790 330737
800 321260
810 325144
820 331783
830 333072
840 337327
850 358202
860 344890
870 352505
880 356739
890 362162
900 366023
910 329316
920 328741
930 396980
940 336792
950 340813
960 342238
970 346396
980 354324
990 353050
1000 357112
1010 360363
1020 365911
1030 368187
1040 368862
1050 366359
1060 353730
1070 344273
1080 434371
1090 345237
1100 348819
1110 353093
1120 380764
1130 386213
1140 379651
1150 383037
1160 402056
1170 342948
1180 341158
1190 344265
1200 347621
1210 401757
1220 355423
1230 356509
1240 359230
1250 362340
1260 365700
1270 367386
1280 341392
1290 344466
1300 347071
1310 351380
1320 364361
1330 390226
1340 359196
1350 363910
1360 357522
1370 344269
1380 346371
1390 349406
1400 351543
1410 363870
1420 365866
1430 367847
1440 396315
1450 361626
1460 365777
1470 368179
1480 370965
1490 371518
1500 375099
1510 376027
1520 380256
1530 367236
1540 396462
1550 364551
1560 373789
1570 362677
1580 366109
1590 368582
1600 369997
1610 373626
1620 373734
1630 376084
1640 413990
1650 382539
1660 383668
1670 384660
1680 387485
1690 382651
1700 380805
1710 382765
1720 385112
1730 424910
1740 389955
1750 394633
1760 394423
1770 390091
1780 393360
1790 398831
1800 408287
1810 404310
1820 486994
1830 408576
1840 409973
1850 414824
1860 414411
1870 416661
1880 416546
1890 423811
1900 445513
1910 433687
1920 420721
1930 421974
1940 425188
1950 428141
1960 430312
1970 445352
1980 433585
1990 435787
2000 436586
2010 439541
2020 445104
2030 447224
2040 446856
2050 480619
2060 448390
2070 449367
2080 451091
2090 453836
2100 455779
2110 460720
2120 489230
2130 463827
2140 465408
2150 467693
2160 471773
2170 472347
2180 472881
2190 497496
2200 487623
2210 489840
2220 482210
2230 485048
2240 486831
2250 490652
2260 528223
2270 516093
2280 497410
2290 500185
2300 499944
2310 502333
2320 503608
2330 570210
2340 508148
2350 511715
2360 511294
2370 513596
2380 516546
2390 521205
2400 539397
2410 524367
2420 524871
2430 527552
2440 531537
2450 531813
2460 585192
2470 539367
2480 539922
2490 539550
2500 543271
2510 545376
2520 573136
2530 550669
2540 550824
2550 569919
2560 557285
2570 561194
2580 579345
2590 585897
2600 564102
2610 566603
2620 566944
2630 572377
2640 595401
2650 575255
2660 576368
2670 581257
2680 583657
2690 583723
2700 640634
2710 601684
2720 589210
2730 598029
2740 600201
2750 604709
2760 599819
2770 605087
2780 622349
2790 613960
2800 610083
2810 674445
2820 610298
2830 616786
2840 617958
2850 623742
2860 659870
2870 642984
2880 662532
2890 631846
2900 629426
2910 660652
2920 637721
2930 639388
2940 654404
2950 644067
2960 643889
2970 688502
2980 660723
2990 648427
3000 650380
3010 654794
3020 753934
3030 696423
3040 666691
3050 665082
3060 669498
3070 718807
3080 674246
3090 671023
3100 679207
3110 677126
3120 736444
3130 687188
3140 683480
3150 682047
3160 687230
3170 694566
3180 705306
3190 696480
3200 695142
3210 718281
3220 705499
3230 702840
3240 699843
3250 706097
3260 755872
3270 722179
3280 709891
3290 715723
3300 718448
3310 785558
3320 718988
3330 721055
3340 722095
3350 746276
3360 742482
3370 735989
3380 737302
3390 739418
3400 775655
3410 768984
3420 742858
3430 745909
3440 747866
3450 748490
3460 757807
3470 751766
3480 759024
3490 847988
3500 760772
3510 757187
3520 788873
3530 782555
3540 767821
3550 770280
3560 771296
3570 791211
3580 834388
3590 781826
3600 779805
3610 800219
3620 857755
3630 786652
3640 798494
3650 793789
3660 854613
3670 805776
3680 810880
3690 817644
3700 866510
3710 839787
3720 830720
3730 822887
3740 815018
3750 816000
3760 815419
3770 838831
3780 827919
3790 835267
3800 843263
3810 840665
3820 856648
3830 840454
3840 834349
3850 862343
3860 838311
3870 866103
3880 850744
3890 884369
3900 844866
3910 852691
3920 860345
3930 903398
3940 878805
3950 860334
3960 869288
3970 926543
3980 862771
3990 866358
4000 867562
4010 952433
4020 885620
4030 883843
4040 881611
4050 945255
4060 906880
4070 891738
4080 891307
4090 960093
4100 893284
4110 895269
4120 957769
4130 909244
4140 897811
4150 976039
4160 912636
4170 906677
4180 925916
4190 922104
4200 915851
4210 930071
4220 913356
4230 939359
4240 928384
4250 923499
4260 925864
4270 929925
4280 1032072
4290 1003590
4300 934570
4310 1018530
4320 945860
4330 946444
4340 1009590
4350 947428
4360 953169
4370 1022661
4380 948833
4390 952506
4400 1026650
4410 964541
4420 971134
4430 980592
4440 968503
4450 965215
4460 977862
4470 986661
4480 971344
4490 1021758
4500 1084090
4510 983120
4520 980141
4530 1083325
4540 998993
4550 986470
4560 1053426
4570 1022266
4580 987759
4590 1042976
4600 1001292
4610 1046286
4620 1051324
4630 1004989
4640 1015171
4650 1035883
4660 1014676
4670 1015771
4680 1033878
4690 1053900
4700 1026041
4710 1025511
4720 1023752
4730 1020287
4740 1026665
4750 1092116
4760 1027728
4770 1031162
4780 1130359
4790 1039455
4800 1037781
4810 1089683
4820 1041505
4830 1045921
4840 1089429
4850 1052807
4860 1049853
4870 1081967
4880 1056897
4890 1058381
4900 1084916
4910 1062698
4920 1067018
4930 1077622
4940 1071150
4950 1075452
4960 1082787
4970 1160891
4980 1077684
4990 1080108
5000 1135583
5010 1084214
5020 1088051
5030 1143462
5040 1089110
5050 1090028
5060 1138545
5070 1098656
5080 1103548
5090 1136445
5100 1096841
5110 1101498
5120 1153821
5130 1113707
5140 1111567
5150 1180880
5160 1115829
5170 1122053
5180 1119370
5190 1124793
5200 1161607
5210 1129836
5220 1127247
5230 1196048
5240 1133663
5250 1167744
5260 1138314
5270 1142664
5280 1211351
5290 1145463
5300 1158911
5310 1149884
5320 1150260
5330 1186064
5340 1160334
5350 1164869
5360 1220610
5370 1162531
5380 1182725
5390 1174765
5400 1185155
5410 1248321
5420 1201921
5430 1185753
5440 1187087
5450 1178387
5460 1218009
5470 1182743
5480 1183605
5490 1248158
5500 1192582
5510 1207949
5520 1191608
5530 1192773
5540 1255076
5550 1198160
5560 1213685
5570 1237522
5580 1220864
5590 1246766
5600 1227730
5610 1222372
5620 1282807
5630 1223131
5640 1242244
5650 1219811
5660 1225271
5670 1299659
5680 1234676
5690 1239591
5700 1232276
5710 1245411
5720 1276662
5730 1278968
5740 1247921
5750 1317454
5760 1240151
5770 1296870
5780 1253928
5790 1248987
5800 1311191
5810 1253965
5820 1267527
5830 1260355
5840 1268371
5850 1301969
5860 1266283
5870 1275636
5880 1364215
5890 1271863
5900 1314573
5910 1277771
5920 1277882
5930 1329476
5940 1283887
5950 1300534
5960 1286919
5970 1289196
5980 1328601
5990 1295778
6000 1297719
6010 1383013
6020 1316511
6030 1322320
6040 1309205
6050 1305696
6060 1358621
6070 1310772
6080 1322705
6090 1315040
6100 1324613
6110 1360228
6120 1325064
6130 1326110
6140 1392015
6150 1338110
6160 1387184
6170 1341523
6180 1358204
6190 1338864
6200 1346513
6210 1344827
6220 1350189
6230 1414812
6240 1345281
6250 1389584
6260 1353292
6270 1382702
6280 1361135
6290 1394161
6300 1365991
6310 1365673
6320 1438517
6330 1370298
6340 1425428
6350 1382144
6360 1407670
6370 1390505
6380 1399979
6390 1385438
6400 1390475
6410 1470170
6420 1413259
6430 1457126
6440 1394777
6450 1437019
6460 1398084
6470 1422767
6480 1399332
6490 1405324
6500 1503921
6510 1406598
6520 1542108
6530 1417460
6540 1455579
6550 1418880
6560 1437677
6570 1423562
6580 1424794
6590 1441086
6600 1432031
6610 1502298
6620 1432669
6630 1471223
6640 1442845
6650 1481634
6660 1441082
6670 1475689
6680 1445366
6690 1451382
6700 1519755
6710 1462696
6720 1516094
6730 1452841
6740 1490312
6750 1462776
6760 1472248
6770 1471393
6780 1476572
6790 1541327
6800 1503186
6810 1548909
6820 1475042
6830 1536144
6840 1474199
6850 1500016
6860 1487884
6870 1504106
6880 1490648
6890 1482389
6900 1562785
6910 1494209
6920 1536836
6930 1510319
6940 1539581
6950 1502321
6960 1506368
6970 1504844
6980 1530712
6990 1565262
7000 1540318
7010 1569802
7020 1511793
7030 1551808
7040 1552839
7050 1542975
7060 1522862
7070 1535828
7080 1611407
7090 1533305
7100 1580285
7110 1549654
7120 1571561
7130 1558602
7140 1563858
7150 1565358
7160 1604135
7170 1638930
7180 1559682
7190 1574202
7200 1576412
7210 1551916
7220 1602532
7230 1567479
7240 1637337
7250 1567692
7260 1617422
7270 1577990
7280 1632789
7290 1637258
7300 1617365
7310 1576932
7320 1652339
7330 1584487
7340 1666839
7350 1584073
7360 1660919
7370 1602256
7380 1640348
7390 1640137
7400 1691621
7410 1613727
7420 1664743
7430 1606563
7440 1721373
7450 1614547
7460 1702318
7470 1617351
7480 1701890
7490 1622358
7500 1627844
7510 1639990
7520 1625223
7530 1643914
7540 1633362
7550 1650058
7560 1634432
7570 1649373
7580 1644619
7590 1669548
7600 1643567
7610 1694158
7620 1648975
7630 1684502
7640 1664458
7650 1723038
7660 1672530
7670 1710047
7680 1654703
7690 1872526
7700 1663412
7710 1759698
7720 1684983
7730 1738722
7740 1677732
7750 1760897
7760 1708298
7770 1762435
7780 1688548
7790 1685800
7800 1695185
7810 1738497
7820 1710171
7830 1738131
7840 1722780
7850 1699272
7860 1735816
7870 1699995
7880 1724998
7890 1716407
7900 1759237
7910 1706795
7920 1759102
7930 1756030
7940 1808777
7950 1757875
7960 1774782
7970 1736687
7980 1775155
7990 1751639
8000 1793575
8010 1730586
8020 1834843
8030 1729664
8040 1819770
8050 1768551
8060 1827498
8070 1773655
8080 1751312
8090 1777312
8100 1749576
8110 1776521
8120 1764288
8130 1776183
8140 1774554
8150 1808504
8160 1787933
8170 1790859
8180 1766703
8190 1798460
8200 1766629
8210 1857231
8220 1780644
8230 1872312
8240 1803765
8250 1821919
8260 1853997
8270 1782752
8280 1874919
8290 1802166
8300 1839563
8310 1827821
8320 1816210
8330 1852689
8340 1812978
8350 1876497
8360 1825817
8370 1807739
8380 1842861
8390 1843568
8400 1877463
8410 1855891
8420 1918649
8430 1856127
8440 1823358
8450 1898237
8460 1834905
8470 1900298
8480 1837704
8490 1909152
8500 1847416
8510 1854439
8520 1919839
8530 1842911
8540 1920054
8550 1881011
8560 1854693
8570 1888880
8580 1864845
8590 1902683
8600 1877710
8610 1945141
8620 1867537
8630 1900929
8640 1898837
8650 1913417
8660 1935999
8670 1897145
8680 1953492
8690 1918191
8700 1903789
8710 1922078
8720 1895744
8730 1940201
8740 1913448
8750 1989259
8760 1940291
8770 1894555
8780 1949560
8790 1921858
8800 1979796
8810 1904789
8820 1906457
8830 1948708
8840 1941198
8850 1991025
8860 1922909
8870 1990089
8880 1964383
8890 1929057
8900 1948136
8910 1933482
8920 1995972
8930 1948740
8940 2006048
8950 1997330
8960 1944783
8970 1993510
8980 1974527
8990 2019500
9000 1962554
9010 2054915
9020 1963476
9030 1968776
9040 1989093
9050 2022120
9060 2020419
9070 1959617
9080 1958630
9090 2014134
9100 1963491
9110 2024101
9120 1978242
9130 2052901
9140 2025319
9150 1981978
9160 2029195
9170 1992363
9180 2043767
9190 1985707
9200 2056823
9210 1997026
9220 2005660
9230 2039203
9240 2033956
9250 1984012
9260 2054250
9270 2024465
9280 2118508
9290 2029400
9300 2022994
9310 2095546
9320 2059270
9330 2026521
9340 2081390
9350 2045812
9360 2048808
9370 2072076
9380 2054066
9390 2128508
9400 2112922
9410 2046001
9420 2110253
9430 2063120
9440 2052987
9450 2094693
9460 2050458
9470 2045076
9480 2098606
9490 2044256
9500 2143812
9510 2110857
9520 2069135
9530 2123808
9540 2074598
9550 2095361
9560 2141951
9570 2083478
9580 2071341
9590 2141799
9600 2080138
9610 2182902
9620 2116383
9630 2099123
9640 2168413
9650 2114783
9660 2096262
9670 2155292
9680 2123512
9690 2114423
9700 2140751
9710 2104549
9720 2112177
9730 2173068
9740 2093863
9750 2195316
9760 2174185
9770 2140873
9780 2180659
9790 2149772
9800 2138250
9810 2185108
9820 2138087
9830 2127104
9840 2159855
9850 2146824
9860 2226608
9870 2176323
9880 2192373
9890 2199364
9900 2152192
9910 2143594
9920 2224612
9930 2153860
9940 2165988
9950 2209528
9960 2152441
9970 2229559
9980 2180571
9990 2166279
10000 2215430